<?xml version="1.0"?>
<opencv_storage>
<Intrinsics type_id="opencv-matrix">
  <rows>3</rows>
  <cols>3</cols>
  <dt>f</dt>
  <data>
    8.63140259e+002 0. 3.63826233e+002 0. 8.67450439e+002
    1.90733734e+002 0. 0. 1.</data></Intrinsics>
</opencv_storage>
